E1 : 2.8
E4 : 3.166
E6 : 3.141852
E9 : 3.141650052
